-0.000125
0
0
0.125125
0.125125
1.50063
1.50063
1.93825
1.93825
2.56363
2.56363
3.00125
3.00125
5.75237
5.75237
6.0025
6.0025
6.1275
6.1275
6.37763
6.37763
6.62775
6.62775
8.25287
8.25287
8.31588
8.31588
8.6285
8.6285
8.81612
8.81612
10.0663
10.0663
10.1916
10.1916
10.5043
10.5043
10.7544
10.7544
13.442
13.442
13.693
13.693
13.8181
13.8181
13.8806
13.8806
16.2557
16.2557
17.5696
17.5696
17.9447
17.9447
22.509
22.509
24.6966
24.6966
26.5106
26.5106
26.8233
26.8233
29.4494
29.4494
29.762
29.762
30.012
30.012
30.3246
30.3246
32.263
32.263
32.5756
32.5756
